0.55806
0.68956
0.62731
0.69507
0.4549
1.693
0.88252
0.44603
0.47077
0.59641
0.34234
0.57487
0.55657
0.84415
0.58112
0.27669
0.39734
0.51368
0.54911
0.22146
0.42747
0.49423
0.49423
0.30599
NaN
0.31677
1.3361
NaN
0.27193
0.40037
0.33449
0.51408
0.54477
0.38754
0.49723
0.23442
0.48151
0.53063
0.61862
0.64132
0.75481
0.37821
0.45804
0.42823
0.44843
0.28134
0.5578
0.60837
0.41258
0.51613
0.29942
1.0313
0.79199
0.68231
0.51837
0.25758
0.31332
0.49516
0.47872
0.71652
0.84804
0.51372
0.68703
0.38639
0.38989
0.80422
0.8239
0.81436
0.30688
0.75547
0.38385
0.8617
0.51133
0.63423
0.61164
0.61164
0.65638
0.55328
0.62604
0.86028
1.2458
0.4928
0.23934
0.47629
0.5348
1.187
1.166
0.79924
0.2569
NaN
0.13507
0.95337
0.95337
0.94559
0.8748
0.85089
0.52553
0.47622
0.3553
0.31548
0.41318
0.38445
0.37382
0.72329
0.438
0.66775
0.5473
0.85268
0.44392
0.88149
0.7293
0.75896
